0,602
148,9
0,600
0,599
0,597
148,8
0,596
148,7
0,594
0,593
148,6
148,5
0,588
0,587
0,585
0,584
142,12
0,583
0,581
142,11
140,28
0,577
142,10
140,27
140,26
0,446
0,444
140,25
140,24
0,443
140,23
142,9
140,22
142,8
140,21
140,20
140,19
140,18
142,7
140,17
140,16
140,15
140,14
140,13
142,6
140,12
142,5
142,4
140,11
140,10
140,9
140,8
140,7
140,6
167,3
167,2
167,1
167,0
166,3
166,2
166,1
166,0
165,3
165,2
165,1
165,0
164,4
164,3
164,2
164,1
164,0
163,4
163,3
163,2
163,1
163,0
14,9
162,4
162,3
162,2
162,1
162,0
161,4
161,3
161,2
161,1
161,0
160,4
160,3
160,2
160,1
160,0
14,8
159,3
159,2
159,1
159,0
158,3
158,2
158,1
158,0
157,3
157,2
157,1
157,0
14,7
156,3
156,2
156,1
156,0
155,3
155,2
155,1
155,0
154,3
154,2
154,1
154,0
153,3
153,2
153,1
153,0
152,4
152,3
152,2
152,1
152,0
151,3
151,2
0,411
151,1
151,0
150,3
150,2
150,1
150,0
149,4
149,3
149,2
149,1
149,0
148,4
148,3
148,2
148,1
148,0
147,4
147,3
147,2
147,1
147,0
146,3
146,2
146,1
146,0
14,6
145,4
145,3
145,2
145,1
145,0
144,3
144,2
144,1
144,0
143,5
143,4
143,3
143,2
143,1
143,0
142,3
142,2
142,1
142,0
141,4
141,3
141,2
141,1
141,0
140,5
140,4
140,3
140,2
140,1
140,0
139,8
139,7
139,6
139,5
139,4
139,3
139,2
139,1
139,0
138,4
138,3
138,2
138,1
138,0
137,4
137,3
137,2
137,1
137,0
136,4
136,3
136,2
136,1
136,0
14,5
14,4
135,4
135,3
135,2
135,1
135,0
134,4
134,3
134,2
134,1
134,0
133,3
133,2
133,1
133,0
132,4
132,3
132,2
132,1
132,0
131,52
131,51
131,50
131,49
131,48
131,47
131,46
131,45
131,44
131,43
131,42
131,41
131,40
131,39
131,38
131,37
131,36
131,35
91,1712
87,493
90,132
91,1711
90,53
90,39
87,61
91,1710
91,1709
91,1518
91,1517
91,1708
86,395
91,1707
91,1516
91,1706
91,1705
82,97
97,91
87,492
91,1704
91,1703
91,1515
86,207
86,206
91,1702
91,1701
90,93
91,1514
91,1700
87,491
84,83
86,394
91,1699
91,1513
91,1698
91,1697
91,1512
91,1696
91,1695
91,1511
91,1694
91,1693
91,1510
91,1692
91,1691
87,490
91,1509
91,1690
91,1689
91,1688
0,405
91,1687
82,96
91,1686
91,1508
86,393
91,1685
91,1684
91,1506
97,90
87,489
91,1683
100,72
91,1682
90,92
86,89
91,1681
91,1680
91,1507
91,1505
87,488
86,392
91,1679
91,1678
91,1677
91,1676
91,1504
84,82
91,1675
86,61
91,1674
91,1673
87,487
91,1672
91,1503
91,1671
89,67
91,1670
91,1669
91,1668
86,391
91,1502
91,1667
80,59
80,53
82,95
86,88
91,1666
87,486
91,1665
97,89
86,205
91,1664
91,1500
91,1663
90,91
91,1662
91,1661
87,485
86,390
91,1660
88,56
88,55
88,53
91,1501
91,1499
91,1659
87,484
91,1658
91,1498
91,1657
91,1656
91,1655
90,131
91,1654
91,1653
91,1497
84,81
91,1652
82,94
91,1651
91,1496
87,483
90,49
91,1650
86,389
91,1649
91,1648
0,348
0,347
91,1647
0,346
97,88
91,1495
91,1646
0,344
86,87
0,338
91,1645
87,482
100,71
91,1644
90,90
0,336
91,1643
91,1494
91,1642
86,388
91,1641
87,481
91,1640
86,86
86,64
86,65
91,1639
91,1493
91,1638
91,1637
87,480
91,1636
82,93
91,1635
91,1492
91,1634
91,1633
91,1632
86,387
91,1631
87,479
84,80
91,1491
91,1630
91,1629
91,1628
91,1490
91,1627
91,1626
86,204
91,1489
90,130
97,87
0,502
91,1625
90,89
91,1624
90,9
87,478
91,1623
0,499
91,1622
91,1488
0,498
0,497
91,1621
86,386
86,85
0,494
0,490
91,1620
91,1487
90,129
87,477
91,1619
89,66
86,280
91,1618
91,1617
0,489
91,1616
90,15
0,488
91,1486
91,1615
0,487
82,92
87,476
91,1614
87,333
87,45
91,1613
86,385
91,1612
0,486
91,1485
91,1611
87,475
84,79
91,1610
91,1609
91,1608
87,332
91,1484
91,1607
0,485
91,1606
91,1483
91,1605
90,128
90,88
0,484
97,86
91,1604
87,28
87,474
100,70
91,1482
91,1603
86,384
91,1602
91,1727
91,1481
91,1601
82,91
87,473
91,1600
90,63
90,48
0,480
91,1480
86,84
86,283
87,472
0,478
86,203
91,1478
0,477
84,78
0,476
0,474
97,85
91,1479
91,1477
0,472
87,471
91,1599
0,471
0,470
90,87
10,96
10,86
10,82
10,76
10,71
10,69
10,3
10,2
10,1
9,7
9,5
9,3
9,2
9,1
8,14
8,13
8,11
8,10
8,8
8,7
8,5
8,4
8,3
8,2
8,1
3,3
3,2
3,1
2,2
0,779
2,1
0,589
2,3
0,579
0,568
0,501
0,500
0,496
0,482
0,441
0,439
0,438
0,421
0,417
0,410
0,407
0,396
0,389
0,383
0,382
0,381
0,380
0,379
0,378
0,374
0,372
0,370
0,369
0,363
0,356
0,354
0,353
0,351
0,349
0,335
0,333
0,330
0,327
0,325
0,281
0,0
131,34
131,33
131,32
131,31
131,30
131,29
131,28
131,27
131,26
131,25
131,24
131,23
131,22
131,21
131,20
131,19
131,18
131,17
131,16
131,15
131,14
131,13
131,12
131,11
131,10
131,9
131,8
131,7
131,6
131,5
131,4
131,3
131,2
131,0
0,276
0,275
0,272
0,271
0,12
0,377
0,10
0,8
0,492
0,632
0,433
0,268
0,332
0,534
0,788
0,267
0,365
0,533
0,829
0,266
0,360
0,532
0,595
0,265
0,447
0,531
0,479
0,264
0,323
0,607
0,432
0,263
0,582
0,390
0,262
0,450
0,416
0,436
0,261
0,458
0,429
0,260
0,320
0,530
0,259
0,315
0,598
0,428
0,258
0,455
0,818
0,427
0,257
0,552
0,784
0,426
0,256
0,605
0,604
0,508
0,559
0,255
0,809
0,523
0,316
0,254
0,442
0,803
0,425
0,253
0,461
0,361
0,424
0,252
0,337
0,440
0,423
0,251
0,345
0,522
0,525
0,250
0,364
0,521
0,578
0,249
0,465
0,612
0,575
0,248
0,452
0,430
0,247
0,322
0,299
0,419
0,246
0,431
0,456
0,418
0,245
0,483
0,457
0,415
0,244
0,312
0,304
0,519
0,460
0,242
0,352
0,518
0,827
0,241
0,614
0,357
0,574
0,608
0,240
0,326
0,516
0,570
0,239
0,280
0,569
0,414
0,238
0,823
0,591
0,413
0,237
0,505
0,464
0,412
0,236
0,473
0,515
0,603
0,235
0,331
0,514
0,453
0,234
0,368
0,799
0,409
0,233
0,495
0,513
0,434
0,232
0,808
0,463
0,408
0,231
0,302
0,825
0,573
0,230
0,553
0,821
0,406
0,229
0,512
0,819
0,228
0,376
0,511
0,822
0,227
0,355
0,798
0,403
0,226
0,313
0,510
0,435
0,225
0,493
0,797
0,402
0,224
0,334
0,629
0,401
0,223
0,318
0,551
0,375
0,400
0,222
0,550
0,782
0,399
0,221
0,422
0,592
0,220
0,565
10,127
10,140
10,154
10,251
11,3
11,5
11,13
11,29
12,2
13,1
14,3
15,1
17,1
18,3
19,1
18,1
20,1
80,1
80,56
80,120
80,128
81,6
81,10
81,21
81,30
81,37
81,45
81,47
81,68
82,1
82,27
82,73
82,75
82,78
82,80
82,83
82,85
82,86
82,88
82,89
83,3
83,1
84,20
84,64
84,66
84,69
84,71
84,73
84,75
84,76
86,1
86,14
86,58
86,66
86,68
86,72
86,73
86,76
86,78
86,80
86,82
86,83
86,144
86,193
86,196
86,199
86,200
86,202
86,266
86,269
86,275
86,282
86,287
87,1
87,9
87,18
87,19
87,32
87,35
87,41
87,43
87,50
87,54
87,56
87,58
87,60
87,133
87,195
87,198
87,207
87,211
87,219
87,225
87,232
